[4, 3, 12, 4, 5, 4, 6]
[0.36465759816946797, 0.7386447667393405, 0.05776065874115499]
[0.08461583002516626, 0.36366900190894946, 0.3478178811817936]
[0.6061817639870843, 0.7322537198302836, 0.8504675554453589]
[0.17798633917999962, 0.03369762778554897, 0.9043880017140311]
[0.9738136221149609, 0.016431294915664862, 0.7840051795366216]
[0.8084647259307087, 0.7063437765905902, 0.5207963176164121]
[0.5267315406866313, 0.3764413614990474, 0.8024498481230802]
[0.8178872703990769, 0.722907236757057, 0.0630312867314391]
[0.2997931770281488, 0.31060071541395207, 0.49421489223349835]
[0.30721637390538326, 0.16828168320046832, 0.9227993662736205]
[0.8445340173019233, 0.1462063049783553, 0.9969708781785995]
[0.6777507747013654, 0.18494396605868602, 0.3960680308951632]
[0.6898248429826119, 0.40954157153940574, 0.8705052199169805]
[0.01192130605047681, 0.20061832830913406, 0.5420415196019173]
[0.36251609190783873, 0.4749743216756923, 0.05471969026469359]
[0.9557725409618842, 0.22440191039950474, 0.7219503624280146]
[0.2623759744476786, 0.4217450685742148, 0.9828794663641893]
[0.931055521568132, 0.8448204219611413, 0.7544920874434582]
[0.7706853690487838, 0.7397315226327006, 0.3984799050748751]
[0.20853587122272121, 0.041888213592986334, 0.989190942768851]
[0.9834232829861542, 0.7110235858762353, 0.08743905038432964]
[0.2058612984355137, 0.2722203059368613, 0.9009218174469595]
[0.7401668516818791, 0.8896027121731391, 0.9542352228624946]
[0.5688099495303087, 0.72452169633209, 0.22101797549108504]
[0.4915056601155927, 0.6338461722656477, 0.5505297403287599]
[0.2979809384600791, 0.3100567492854409, 0.4303698544719583]
[0.722391813664214, 0.11865405279302954, 0.16076908326501793]
[0.18480453349415304, 0.9204380066462816, 0.7899572405661353]
[0.9519943190523625, 0.36118660834171856, 0.8239494976742474]
[0.525082936391241, 0.032374734548158646, 0.9340302604023365]
[0.04122360162979399, 0.5375490449925411, 0.21824211852571218]
[0.8079787556498161, 0.9236446544526422, 0.44952246356864056]
[0.2158758326589707, 0.7052403540217105, 0.826538162974199]
[0.0635880483580733, 0.5111760711941364, 0.7557227193828238]
[0.3805095174968627, 0.6992852247555461, 0.41103447864390286]
[0.6195061034251785, 0.03813972849296321, 0.9252545075831851]
[0.27647926335191664, 0.8784133638694809, 0.5451435790947645]
[0.2241433365417751, 0.0383631840565446, 0.7743495207139299]
-0.7182112989593283
-0.1694166726734614
-0.9848698449112208
0.39511753814305095
0.7630199229585934
0.9827226117500101
-0.7920513077884803
-0.2840947544134702
-0.5130068780935606
0.24784514618119613
0.1606299717213271
0.16951900385700003
-0.5567525373407798
-0.04818532943321041
-0.7866861938048235
0.22995764954951814
0.08168681740656547
0.4375155334951477
-0.7711892680117216
-0.3045775632755918
-0.9334657757555851
0.3189905600997882
0.5373950886741095
0.5970738907778188
-0.9223370218017253
-0.5411685265055894
0.4703342275216402
0.03596069163352911
0.7672802136290147
0.6063116230654382
0.882237246946195
0.943740571056926
0.7160895866857573
0.31648800010241773
0.3286379928025416
0.4702937413618158
0.6895196813321152
0.004076452081445581
-0.09209361192661913
-0.09885704223237268
0.7080152810033402
0.4591071979174064
0.1818794086801545
0.5659272201367951
0.4895790746406161
0.36862647803876447
0.18010125554954182
0.5750489448428635
0.2006381810957707
0.9130415839339268
0.1605930163972793
0.9054576831020797
-0.8993849675197358
-0.4387274713134792
0.6126518326633132
0.05681068206116913
0.5552244281272265
0.9758094777939998
0.8566631015092392
0.8520110678203874
0.36055616528228973
0.27774631544492423
0.6579377861691524
0.14414679916929085
0.3909434368723417
0.3848863724909055
-0.6484639611947354
-0.28461816591294054
-0.2946756675418185
-0.1191070455845864
-0.9068719068889275
-0.16100775179018134
-0.19117733188510733
-0.1390389517914581
-0.32453643056639914
-0.34065127400144424
-0.5107452233743299
0.825735436885886
0.7771603047650151
0.5650550371450123
0.8104328809868377
-0.7169958190768564
-0.9908938423645346
-0.6568649024223039
-0.2725222406529879
-0.29474005687602833
-0.6325959260803926
-0.16945383653331203
-0.6203851269587584
-0.4611345982544417
-0.14084579945599396
-0.6418883614697064
0.07385274080718296
0.5158414480413089
0.033494113077805254
0.7842147252146228
-0.8095185127064106
-0.3137189041539914
-0.10265245028592918
-0.7954623862070684
-0.6272141334958461
-0.4160169552067212
-0.03425415560896128
-0.8753780757875915
-0.28097560599847204
-0.7513187340685474
-0.6204449251898254
0.5131988904021862
0.10371597487056916
0.15683472041861224
0.08934710235164456
-0.009463594597203917
-0.4461325435717729
-0.6302027738303893
-0.4307295562605651
-0.4329855071026758
-0.1426313287466301
-0.34862145061666516
-0.8722811637233068
-0.3375576725288334
-0.481943610476012
-0.7015072604730554
0.38399047065837877
0.5685382382331459
0.9189029268250943
0.5800603690403843
-0.4428324743820993
-0.5052175327028883
-0.8392228041656831
-0.06655878671889393
-0.4201652494499599
-0.3559705817551162
-0.250590072541115
-0.6563963968103099
-0.6390961735855816
-0.12552295298292204
-0.837191639633373
0.9405498635014131
0.10868349532038346
0.32973201772116445
0.11505996303540589
-0.4415107100180524
-0.6539505492162847
-0.13273230369613231
-0.4993110468447315
-0.3057260150418102
-0.038017387941513325
-0.6354200026393317
-0.1851790300748164
-0.40651285020362016
-0.15165998159822736
-0.373928264956656
0.4591718079195657
0.6810098180134878
0.5935950176196225
0.05586795225972163
-0.7744814984368862
-0.35946056549273697
-0.9569102165557868
-0.5198211351269171
-0.31714455480388803
-0.7995586747232626
-0.3342343546907838
-0.597686330290927
-0.06079990246095224
-0.6024543216399543
-0.8699505982020113
0.32758923741559776
0.6696949543150659
0.2937851194794723
0.906530254652953
-0.7659303420846759
-0.9807420648739718
-0.6626030058018226
-0.75986550854537
-0.5410149612300503
-0.12276720218265846
-0.9981076480775222
-0.14704678550448014
-0.07247568846765984
-0.47933483740330574
-0.34309731216969097
0.6797457902267785
0.26099548778923776
0.08439793414700603
0.41413562290009787
-0.9855636587863166
-0.981466867332663
-0.8822596099762141
-0.7048648531276582
-0.9679044212139265
-0.6671327037740011
-0.5761620811908628
-0.27111244807676593
-0.40955613035203364
-0.10890783678562777
-0.8303185889933749
0.25485418875844945
0.13896624517381295
0.576570968132164
0.5377408719530348
-0.1368764214970084
-0.8682485718221906
-0.31577186601709917
-0.5998270877450163
-0.9998298449974448
-0.8444763524593848
-0.24800750362843038
-0.9384443849693376
-0.967096998651721
-0.5484714320670834
-0.07099108022722289
0.7214574701724106
0.8507934509399235
0.12341118369097415
0.0851767772759271
-0.9216539490872124
-0.7797263599755142
-0.3358631978079687
-0.8770902985122302
-0.6057250345694178
-0.6185354762430906
-0.1393480470938453
-0.9331818462517587
-0.4748908181111797
-0.3978540370405017
-0.6196603229084732
0.21382324092072813
0.25838552336386233
0.6496271667493394
0.32961596155692385
-0.6488943071572821
-0.8212095261819863
-0.42943219356977114
-0.467484707694676
-0.11576461784690784
-0.33308663259681337
-0.1217697509134068
-0.7787124291497896
-0.6107217865809649
-0.5479981090267576
-0.4630186525790907
0.66224477636148
0.6390601147315369
0.49454287471941205
0.23659011447481282
-0.6329574550551735
-0.6888821960572074
-0.5163615841108791
0.366375926889575
0.40488902105364954
0.22231921993776704
0.1424810577517106
0.8166264459673149
-0.25314306555139043
-0.563477441885559
-0.09399463568471456
0.059601744769168574
0.34201780861205267
0.7183104616920883
0.5383504412599907
0.09190486611738291
-0.3639124966815426
-0.6521668307907265
-0.41318480006262037
0.0993251919917062
0.6426292762404631
0.6053588326208528
0.6288533799784866
0.2942588977204832
-0.01458236682376457
-0.33649404536117933
-0.7038193007277171
0.6253254099001282
0.025660370191910253
0.6037979260195392
0.8929813840644028
0.09713476010514333
-0.7857482195395893
-0.5331381545223473
-0.9875801640626336
-0.8095841792284424
0.8859740200042336
0.8409589381438947
0.7003619344192462
0.6554778820820888
-0.9566742770455574
-0.15239129354231995
-0.913805157605432
-0.7678439356746884
0.3065986131333822
0.4989308495605196
0.911586990954043
0.42879837524374276
-0.6947464943338786
-0.3830228566983307
-0.35636703043921547
-0.6793787268952103
0.31912262924973955
0.4095347683957935
0.4363187836636595
0.44012338606382007
-0.08447280824414682
-0.5360925878644995
-0.445593931064876
-0.8957254038765441
0.4057586422058621
0.9370790201461623
0.30234950578656705
0.24411129547862953
-0.7012975322217132
-0.7918820486740166
-0.7533368891148355
-0.35835280727704943
0.2441606828538585
0.19198982409558307
0.4131025837884963
0.2846627039857328
-0.8696332289060018
-0.4030000574555941
-0.8952929581859868
0.41600816055768464
0.7392813707966086
0.07265242324267995
0.6178992260969369
0.48679325534226625
0.04694362982404954
-0.031767028341039394
-0.8442797168201455
-0.756651149039808
0.9794948608895182
0.15493823989941902
0.8124512060589815
0.6870612461541055
0.9645390523627364
0.054887536033255024
-0.33855485493592785
-0.7831419397801858
-0.9662034763146852
0.01828934124671555
0.9084701534810948
0.8825952280497851
0.3316023185038368
0.09600044487432524
0.8411929947189971
-0.6822834213654185
-0.6550711338564097
-0.6664144551621054
0.6415606000670151
0.30371694792579107
0.8231294348085738
0.9760278399435351
0.8241079711918904
0.7669919254165187
-0.8239361804687182
-0.5035480428050421
-0.5005131427845748
-0.9183933756566036
-0.29918061479286595
-0.601530838523854
-0.997949792608086
-0.013808077849191136
-0.05161357610770079
-0.46584211777760487
-0.06085877587050348
-0.1689771890325822
-0.1438433220556441
-0.7304098970703197
-0.7837295401521169
-0.660596992676598
-0.12028720735655463
-0.6597284859510046
-0.12377014869732372
-0.6997635950657102
-0.5377411418839744
-0.8316652310570198
-0.7205284958408926
-0.29834549077186057
-0.004690778088293435
-0.3556741528042924
-0.31824463780354617
-0.3198777481293469
-0.5645405314574079
-0.8615241639506395
